{
    "Ws_t": [
        0.2199653647537231,
        0.22415347462172092,
        0.11059220147484983,
        0.12796186834075518,
        0.317327090808951
    ],
    "MUs_t": [
        [
            36.45677905254142,
            0.9501878750724012,
            1.430387567653151,
            1.3574982665281052,
            0.7843559191510757,
            0.5439929243224096,
            0.37035048199695275,
            0.317735095124492,
            0.27339079515411846,
            0.20963618299010342,
            0.10864972223895346,
            0.016170766620026058,
            0.049501116798111235
        ],
        [
            41.158069079682456,
            4.654173359262023,
            2.0682272698503583,
            1.1817152106533948,
            0.5097695938076215,
            0.37370950467761477,
            0.5138775871161562,
            0.26785327227744404,
            0.07129265899990214,
            0.0631075083763849,
            0.08454205851307653,
            0.23125505662684978,
            0.17390935325996454
        ],
        [
            42.90731331117343,
            1.3776779188310675,
            0.7904373408873964,
            1.7550946677683918,
            0.24486389928154417,
            0.41880032773002285,
            0.3031864736692019,
            0.09522163863357036,
            -0.00971536123240284,
            0.13899033139087502,
            0.08873679722744934,
            0.2285849256332112,
            0.04738494993090556
        ],
        [
            44.23695629363271,
            4.61221559342545,
            0.3826920724119987,
            1.6831441482128555,
            1.0564009647854469,
            0.30487325364101353,
            0.2685098216640351,
            -0.18879907660527037,
            -0.035951817030783643,
            0.13506647683495354,
            -0.03438277986546611,
            0.3106539326406492,
            0.16777627709060491
        ],
        [
            36.228378109142945,
            0.8971317929475336,
            1.5156211129647004,
            1.4008493642446314,
            0.8587027526328931,
            0.557482754209843,
            0.47775417551208804,
            0.3597894860022,
            0.21726880771515916,
            0.08213648606666281,
            -0.02223415808409045,
            0.03731132254835959,
            0.00030873646325250346
        ]
    ],
    "COVs_t": [
        [
            [
                0.9740109420622503,
                0.7656177576902934,
                0.15985472630180908,
                -0.05230334444486573,
                -0.10640107244006813,
                -0.0719948183050505,
                -0.10927747786977271,
                -0.1417093672228873,
                -0.1202349344637259,
                -0.08912785697896997,
                -0.08665269349793014,
                -0.0632162466945293,
                -0.07157122519579073
            ],
            [
                0.7656177576902934,
                0.8601086625347302,
                0.28528431247793473,
                -0.02735727689092715,
                -0.11152272236702832,
                -0.09145634180047058,
                -0.11718981659508113,
                -0.1429716684463313,
                -0.11868508208565196,
                -0.09115881679671563,
                -0.09432095832672446,
                -0.08418501897413955,
                -0.0715642472815888
            ],
            [
                0.15985472630180908,
                0.28528431247793473,
                0.2664182347707369,
                0.08239663808863074,
                -0.032816249430847266,
                -0.04322665918870039,
                -0.04506021825102524,
                -0.03328065897676835,
                -0.023824138500903647,
                -0.019794845526966143,
                -0.019061121342300424,
                -0.023821497464257258,
                -0.01795541121485328
            ],
            [
                -0.05230334444486573,
                -0.02735727689092715,
                0.08239663808863074,
                0.15562190478813975,
                0.05627095075040556,
                0.00855064536723582,
                0.008698171814632727,
                0.016885069544002484,
                0.019530143838659753,
                0.013633390785288135,
                0.016940562442242957,
                0.010498287675715902,
                0.006186804951264696
            ],
            [
                -0.10640107244006813,
                -0.11152272236702832,
                -0.032816249430847266,
                0.05627095075040578,
                0.12579339137069268,
                0.06732754218518294,
                0.03745646349835413,
                0.032249896149253776,
                0.02190770007853285,
                0.01925201403295529,
                0.018724999673673345,
                0.01075209014975918,
                0.004364823852415066
            ],
            [
                -0.0719948183050505,
                -0.09145634180047063,
                -0.04322665918870039,
                0.00855064536723582,
                0.06732754218518294,
                0.1319324937656582,
                0.06938345368746177,
                0.029500725319349608,
                0.019051010419490172,
                0.0058388288756273665,
                0.005145241820881857,
                -0.0005179502954352749,
                -0.0026583140772070933
            ],
            [
                -0.10927747786976916,
                -0.11718981659508113,
                -0.0450602182510253,
                0.008698171814632727,
                0.03745646349835413,
                0.06938345368746177,
                0.11624520079600592,
                0.06858409924131255,
                0.03039929235667664,
                0.0165865705431594,
                0.01213826040607082,
                0.0036527961716195457,
                0.002540383971948317
            ],
            [
                -0.1417093672228873,
                -0.14297166844633133,
                -0.03328065897676835,
                0.016885069544002484,
                0.032249896149253776,
                0.029500725319349608,
                0.06858409924131255,
                0.12486698368763562,
                0.06138733643161996,
                0.02703071685328487,
                0.02426724874371447,
                0.01625643689523215,
                0.014989109797217574
            ],
            [
                -0.1202349344637259,
                -0.11868508208565193,
                -0.023824138500903647,
                0.019530143838659753,
                0.02190770007853285,
                0.019051010419490172,
                0.030399292356676613,
                0.06138733643161996,
                0.10294929872482947,
                0.052989536838042736,
                0.03309083241374418,
                0.03063119910004193,
                0.019534322635806164
            ],
            [
                -0.08912785697897085,
                -0.09115881679671563,
                -0.019794845526966143,
                0.013633390785288135,
                0.01925201403295529,
                0.0058388288756273665,
                0.0165865705431594,
                0.02703071685328487,
                0.052989536838042736,
                0.09149607111877486,
                0.0531791494785189,
                0.03459743075392028,
                0.021426251628396325
            ],
            [
                -0.08665269349793014,
                -0.09432095832672446,
                -0.019061121342300424,
                0.01694056244224293,
                0.018724999673673345,
                0.0051452418208818435,
                0.01213826040607082,
                0.02426724874371447,
                0.03309083241374418,
                0.0531791494785189,
                0.10215215279455822,
                0.06412785778724184,
                0.027859272580112893
            ],
            [
                -0.06321624669452941,
                -0.08418501897413955,
                -0.02382149746425727,
                0.010498287675715902,
                0.01075209014975918,
                -0.0005179502954352731,
                0.0036527961716195457,
                0.01625643689523215,
                0.03063119910004193,
                0.03459743075392028,
                0.06412785778724184,
                0.10279511498937072,
                0.05240712023770099
            ],
            [
                -0.07157122519579096,
                -0.0715642472815888,
                -0.017955411214853285,
                0.006186804951264696,
                0.004364823852415066,
                -0.0026583140772070933,
                0.0025403839719483207,
                0.014989109797217574,
                0.019534322635806164,
                0.021426251628396325,
                0.027859272580112886,
                0.05240712023770099,
                0.07709595693871234
            ]
        ],
        [
            [
                6.429831370432339,
                3.212834820422927,
                -1.1991003174088348,
                -1.4551394239325361,
                -1.0891856862977818,
                -0.3114626292848932,
                0.6469006783393318,
                0.26171706447435916,
                -0.24016222539117793,
                -0.16269099574857115,
                -0.22234198337703415,
                0.0014520432992011223,
                0.20169670066537204
            ],
            [
                3.212834820422927,
                2.1630507238625754,
                -0.2562126012787207,
                -0.83442256682721,
                -0.7098130397502762,
                -0.2641934472851146,
                0.24906517643586623,
                0.12606657242206176,
                -0.10892060997511557,
                -0.10355268327944503,
                -0.14205272776927252,
                -0.03555318518919082,
                0.09776807372896212
            ],
            [
                -1.1991003174088348,
                -0.2562126012787207,
                0.930797403919227,
                0.6375435564086249,
                0.2621357212036175,
                -0.07653338009063426,
                -0.2736727925605288,
                -0.08337337551566804,
                0.0642041666129255,
                -0.013873076783943339,
                -0.037228730426211026,
                -0.0781286270753852,
                -0.07075510953027125
            ],
            [
                -1.4551394239325361,
                -0.83442256682721,
                0.6375435564086249,
                1.0145717363906404,
                0.6342126681920688,
                0.07543004670660614,
                -0.24564257048805382,
                -0.13192261967872174,
                0.04158372076207445,
                -0.0005165005929945454,
                -0.018373368474276133,
                -0.05995256483974551,
                -0.09487738719983568
            ],
            [
                -1.0891856862977782,
                -0.7098130397502762,
                0.2621357212036175,
                0.6342126681920688,
                0.7263559180285787,
                0.34310490746591593,
                -0.09687304616563541,
                -0.10487299949093129,
                -0.0011466873692340812,
                -0.02581889814766768,
                0.016379408580144174,
                -0.02022375572932167,
                -0.0837068910151685
            ],
            [
                -0.311462629284895,
                -0.2641934472851142,
                -0.07653338009063415,
                0.07543004670660614,
                0.3431049074659158,
                0.4145909418882068,
                0.1404681413840343,
                -0.021646125275114864,
                -0.035692378899370665,
                -0.03480973895989542,
                0.019589591116848215,
                0.006451601232240783,
                -0.04175792224267543
            ],
            [
                0.6469006783393318,
                0.24906517643586623,
                -0.2736727925605288,
                -0.24564257048805382,
                -0.09687304616563541,
                0.1404681413840343,
                0.31559048608112483,
                0.13506528524527145,
                -0.026795224053859867,
                -0.03194988057289496,
                -0.03656194080441756,
                -0.021962063269395246,
                -4.459529642047988e-05
            ],
            [
                0.26171706447436094,
                0.12606657242206198,
                -0.08337337551566804,
                -0.13192261967872174,
                -0.10487299949093129,
                -0.021646125275114864,
                0.13506528524527145,
                0.1995692690769511,
                0.07768820896403852,
                -0.003531199522397532,
                -0.03612640553889644,
                -0.044908447312372854,
                -0.010558674077151012
            ],
            [
                -0.2401622253911775,
                -0.1089206099751156,
                0.0642041666129255,
                0.04158372076207445,
                -0.0011466873692340812,
                -0.035692378899370665,
                -0.026795224053859867,
                0.0776882089640385,
                0.15325182004872967,
                0.07435404707808314,
                0.0036991839737698373,
                -0.021826351198743654,
                -0.024665417440229688
            ],
            [
                -0.1626909957485707,
                -0.10355268327944506,
                -0.013873076783943353,
                -0.0005165005929945454,
                -0.025818898147667673,
                -0.03480973895989542,
                -0.031949880572894954,
                -0.0035311995223975337,
                0.07435404707808314,
                0.13691002240667344,
                0.07135184913772859,
                0.008932637953769315,
                -0.015364446621496938
            ],
            [
                -0.22234198337703415,
                -0.14205272776927252,
                -0.037228730426211054,
                -0.018373368474276133,
                0.01637940858014418,
                0.01958959111684823,
                -0.03656194080441756,
                -0.03612640553889644,
                0.0036991839737698373,
                0.07135184913772857,
                0.1324876724795419,
                0.06830309906742471,
                0.0008012060578624029
            ],
            [
                0.0014520432992011223,
                -0.03555318518919082,
                -0.0781286270753852,
                -0.05995256483974551,
                -0.020223755729321696,
                0.006451601232240756,
                -0.02196206326939522,
                -0.044908447312372854,
                -0.021826351198743654,
                0.008932637953769312,
                0.06830309906742471,
                0.1301771381024459,
                0.06241758409002921
            ],
            [
                0.20169670066537204,
                0.09776807372896212,
                -0.07075510953027125,
                -0.09487738719983566,
                -0.0837068910151685,
                -0.041757922242675424,
                -4.459529642047988e-05,
                -0.010558674077151019,
                -0.024665417440229688,
                -0.01536444662149694,
                0.0008012060578623994,
                0.06241758409002921,
                0.10864863819659173
            ]
        ],
        [
            [
                11.050108202013007,
                6.48345797251897,
                -2.272344034689347,
                -0.8340364399704043,
                -0.7239914860333236,
                -0.9754513750718345,
                1.1397087852513703,
                -0.4806921639144339,
                -0.7487371570383066,
                0.30325288662351024,
                -0.10085494886657287,
                0.30981857600119866,
                0.34688120890346585
            ],
            [
                6.48345797251897,
                9.138958740541145,
                -2.191331022575236,
                -1.5024227700129873,
                -0.5365742491072214,
                -0.7200053027339113,
                1.4743026984881318,
                -0.4699243778080972,
                -0.6219528486660042,
                0.30339850842881155,
                -0.010566475739102132,
                0.18817058838849493,
                0.3334824121248107
            ],
            [
                -2.272344034689347,
                -2.191331022575236,
                2.335187537983243,
                0.5433202788670677,
                -0.010865936798864329,
                0.41447479932448167,
                -0.7707767993308619,
                0.06949184861026136,
                0.19425797404015155,
                -0.12646408766495246,
                0.011377227758328237,
                -0.012722291057196355,
                -0.05377448332999157
            ],
            [
                -0.8340364399704043,
                -1.5024227700129873,
                0.5433202788670677,
                1.4138053908787547,
                0.38430532362571,
                -0.22324502512707411,
                -0.2959699620611842,
                -0.04704508413463798,
                0.07114957767280843,
                -0.10879664147298329,
                -0.10872724520071346,
                -0.045180644898100863,
                -0.08965174213369809
            ],
            [
                -0.7239914860333219,
                -0.5365742491072214,
                -0.010865936798864329,
                0.38430532362571,
                0.6323492112931415,
                -0.06500972705635633,
                -0.1870695491465822,
                0.02702720196851598,
                0.01722362108667566,
                0.0005377809932722438,
                0.01576210137184663,
                -0.03923632244810575,
                -0.003935374118611579
            ],
            [
                -0.9754513750718345,
                -0.7200053027339113,
                0.41447479932448167,
                -0.22324502512707411,
                -0.06500972705635633,
                0.5509808996803556,
                -0.13289175628585476,
                0.028651226088954172,
                0.1257063257970987,
                -0.008276133995018656,
                0.060002636434295535,
                -0.020573819142669453,
                -0.03416544602276698
            ],
            [
                1.1397087852513756,
                1.4743026984881318,
                -0.7707767993308621,
                -0.2959699620611842,
                -0.1870695491465822,
                -0.13289175628585476,
                0.7424877576633985,
                0.05133908318506418,
                -0.09761747926306596,
                0.10911330086474079,
                -0.027701662005645094,
                0.019465892833710405,
                0.05075108574274328
            ],
            [
                -0.48069216391443437,
                -0.4699243778080972,
                0.06949184861026136,
                -0.04704508413463798,
                0.027027201968515966,
                0.028651226088954186,
                0.051339083185064194,
                0.29800074580380376,
                0.08039908282801277,
                0.017177194568836374,
                0.027756931833611047,
                -0.03893550089708478,
                -0.002239642457602176
            ],
            [
                -0.7487371570383066,
                -0.6219528486660042,
                0.19425797404015155,
                0.07114957767280841,
                0.017223621086675665,
                0.1257063257970987,
                -0.09761747926306596,
                0.08039908282801277,
                0.23583118353089624,
                0.01082099204899773,
                -0.0011066664459598516,
                0.003360565099607135,
                -0.0354766978083392
            ],
            [
                0.30325288662351024,
                0.30339850842881155,
                -0.12646408766495248,
                -0.10879664147298329,
                0.0005377809932722646,
                -0.008276133995018656,
                0.10911330086474084,
                0.017177194568836374,
                0.010820992048997728,
                0.17036154439908494,
                0.045895988169239184,
                -0.0024065084618806395,
                0.019584903097521783
            ],
            [
                -0.10085494886657287,
                -0.010566475739102132,
                0.011377227758328237,
                -0.10872724520071346,
                0.015762101371846644,
                0.060002636434295535,
                -0.027701662005645097,
                0.027756931833611047,
                -0.0011066664459598516,
                0.045895988169239184,
                0.148581540319648,
                0.02859550880302879,
                0.00110805190873863
            ],
            [
                0.30981857600119866,
                0.18817058838849493,
                -0.012722291057196328,
                -0.045180644898100863,
                -0.03923632244810575,
                -0.020573819142669453,
                0.019465892833710405,
                -0.03893550089708478,
                0.0033605650996071344,
                -0.0024065084618806534,
                0.02859550880302879,
                0.17579068502372805,
                0.05372363965515731
            ],
            [
                0.34688120890346585,
                0.3334824121248107,
                -0.053774483329991574,
                -0.08965174213369809,
                -0.003935374118611583,
                -0.03416544602276698,
                0.05075108574274328,
                -0.0022396424576021775,
                -0.0354766978083392,
                0.019584903097521783,
                0.0011080519087386291,
                0.05372363965515731,
                0.14074860366220737
            ]
        ],
        [
            [
                9.83873945549658,
                3.4037381857821742,
                -2.879862475104499,
                -0.46517410272643644,
                -0.06489695723004729,
                -0.22410912133039673,
                0.6890065245310115,
                -0.36052798634091054,
                -0.17168102734400081,
                0.5424519519656963,
                0.02133187179173235,
                0.17812674673584716,
                0.20180415926733541
            ],
            [
                3.403738185782231,
                1.9788201449642244,
                -0.6087267588204339,
                -0.5324486487024371,
                -0.07596082213496658,
                0.07414233393559022,
                0.23631130558564117,
                -0.07145663772245991,
                -0.08457618173113346,
                0.15152144461036432,
                0.13311257710092775,
                0.12772783149195055,
                0.05544243370728674
            ],
            [
                -2.879862475104499,
                -0.6087267588204341,
                1.5948725626632947,
                0.5166184465138721,
                0.14359828206776587,
                0.04688932221178668,
                -0.3158048437993578,
                0.10766933471938947,
                0.09734373988711922,
                -0.2497495955798761,
                -0.06086196175333025,
                -0.01017790389401721,
                0.006655662601232487
            ],
            [
                -0.46517410272645066,
                -0.5324486487024371,
                0.5166184465138719,
                1.223611062370793,
                0.3665054535799137,
                -0.3058311161308769,
                -0.2728803776351396,
                -0.06669531146737584,
                0.11680314267893085,
                -0.1103452421773826,
                -0.28828052687926914,
                -0.039793166304041616,
                0.11367902377136085
            ],
            [
                -0.06489695723004729,
                -0.07596082213496747,
                0.14359828206776587,
                0.3665054535799137,
                0.46992640175136047,
                0.02162898706872074,
                -0.21088735840655287,
                0.014270626537924574,
                0.025938498972015056,
                -0.11876679273265178,
                -0.10692430218231917,
                -0.026405579191089157,
                0.0525310272408078
            ],
            [
                -0.22410912133039673,
                0.07414233393559,
                0.04688932221178668,
                -0.305831116130877,
                0.02162898706872074,
                0.30546711780596597,
                0.13588833326133265,
                0.042293817124513765,
                -0.05152000209252659,
                -0.051405212991023116,
                0.05085226800113582,
                -0.012402490726192303,
                -0.036819037892309926
            ],
            [
                0.6890065245310097,
                0.23631130558564117,
                -0.3158048437993578,
                -0.2728803776351396,
                -0.2108873584065529,
                0.13588833326133268,
                0.4954069047004397,
                0.13657479600545563,
                -0.10495548978827711,
                0.043552141752036234,
                0.06581639837825898,
                -0.038955944264569276,
                -0.06576182878911255
            ],
            [
                -0.36052798634091054,
                -0.07145663772245991,
                0.10766933471938947,
                -0.0666953114673759,
                0.014270626537924547,
                0.04229381712451376,
                0.13657479600545563,
                0.27902129867077496,
                0.030298797043003686,
                -0.07846943113766423,
                0.0382905490889523,
                -0.027727264980964124,
                -0.0572342129546322
            ],
            [
                -0.17168102734399993,
                -0.08457618173113346,
                0.09734373988711922,
                0.11680314267893085,
                0.025938498972015063,
                -0.05152000209252659,
                -0.10495548978827711,
                0.030298797043003686,
                0.19114969777169377,
                0.050183159271683056,
                -0.05452887346676131,
                0.004015269475809759,
                0.004786908676756502
            ],
            [
                0.5424519519656945,
                0.15152144461036432,
                -0.2497495955798761,
                -0.1103452421773826,
                -0.11876679273265178,
                -0.05140521299102312,
                0.043552141752036234,
                -0.07846943113766425,
                0.050183159271683056,
                0.22688222055152024,
                0.04478678878104683,
                -0.038812664106891374,
                -0.0029141388388117945
            ],
            [
                0.02133187179173257,
                0.13311257710092778,
                -0.06086196175333024,
                -0.28828052687926914,
                -0.10692430218231917,
                0.05085226800113582,
                0.06581639837825899,
                0.0382905490889523,
                -0.054528873466761295,
                0.04478678878104683,
                0.18258089339321193,
                0.028600319146795044,
                -0.05951173685583956
            ],
            [
                0.17812674673584716,
                0.12772783149195055,
                -0.01017790389401721,
                -0.039793166304041616,
                -0.026405579191089157,
                -0.012402490726192317,
                -0.038955944264569276,
                -0.027727264980964138,
                0.004015269475809761,
                -0.038812664106891374,
                0.028600319146795044,
                0.14865776664794433,
                0.030783210604854547
            ],
            [
                0.20180415926733541,
                0.05544243370728674,
                0.006655662601232487,
                0.11367902377136085,
                0.0525310272408078,
                -0.03681903789230992,
                -0.06576182878911255,
                -0.0572342129546322,
                0.004786908676756508,
                -0.0029141388388117945,
                -0.05951173685583956,
                0.030783210604854547,
                0.11012283539751111
            ]
        ],
        [
            [
                0.756667407717714,
                0.6840252211974871,
                0.21419424113283725,
                -0.014242070738745838,
                -0.05941047782150122,
                -0.060622207888112456,
                -0.09340677426293809,
                -0.11082285714000228,
                -0.11280557909284017,
                -0.12342421034004003,
                -0.13606580398087842,
                -0.12268649026863088,
                -0.08614355961983652
            ],
            [
                0.6840252211974871,
                0.7454253100437002,
                0.27047421782505543,
                -0.0019323953340160127,
                -0.054357627199457914,
                -0.06245852089841275,
                -0.103141207814954,
                -0.11973073321414163,
                -0.11763431498348875,
                -0.12877872868096907,
                -0.1391865884807572,
                -0.1314212546936821,
                -0.09147603371860134
            ],
            [
                0.21419424113283725,
                0.27047421782505543,
                0.21943163582935465,
                0.08563201430573031,
                0.01283134232864458,
                -0.019902250085855777,
                -0.04233230307494973,
                -0.037850853969978226,
                -0.03307683003563894,
                -0.035263063675778666,
                -0.036647189885859584,
                -0.03632029377859344,
                -0.02589195341176716
            ],
            [
                -0.014242070738745838,
                -0.0019323953340160127,
                0.08563201430573031,
                0.15869749746727546,
                0.07316976671697639,
                0.006387457096023064,
                0.0028064171652338876,
                0.010500781722301289,
                0.013664173263948642,
                0.014796594404728677,
                0.01834464141968542,
                0.016422081590931004,
                0.01128967851339461
            ],
            [
                -0.05941047782150122,
                -0.054357627199457914,
                0.01283134232864458,
                0.07316976671697639,
                0.11674426503157465,
                0.04774937652212485,
                0.01710435020116685,
                0.021076087618830674,
                0.020699275035434672,
                0.01996382131524034,
                0.022063283905647515,
                0.020600407358293348,
                0.015933464023868128
            ],
            [
                -0.060622207888112456,
                -0.06245852089841275,
                -0.019902250085855777,
                0.006387457096023064,
                0.04774937652212485,
                0.10065224517614896,
                0.05331572566228443,
                0.02587095116835808,
                0.01793285571253747,
                0.01574452542088222,
                0.018379634520923338,
                0.015574019108904966,
                0.013856023193674488
            ],
            [
                -0.09340677426293809,
                -0.103141207814954,
                -0.04233230307494973,
                0.0028064171652338876,
                0.01710435020116685,
                0.05331572566228443,
                0.107895067380338,
                0.060605479113019334,
                0.028803713931957145,
                0.028216066294682686,
                0.026480395527885482,
                0.022588570656847388,
                0.01771594129142484
            ],
            [
                -0.11082285714000228,
                -0.11973073321414163,
                -0.037850853969978115,
                0.010500781722301289,
                0.021076087618830674,
                0.02587095116835808,
                0.060605479113019334,
                0.10966553505047363,
                0.0565976462683776,
                0.03414864934089975,
                0.03461000599152516,
                0.028034007816235853,
                0.023037992609691665
            ],
            [
                -0.11280557909284017,
                -0.11763431498348875,
                -0.03307683003563894,
                0.013664173263948698,
                0.020699275035434672,
                0.017932855712537443,
                0.028803713931957145,
                0.0565976462683776,
                0.10103816195108485,
                0.06000759546234581,
                0.038006865268932724,
                0.034484474232043885,
                0.023269500202826553
            ],
            [
                -0.12342421034004003,
                -0.12877872868096904,
                -0.03526306367577868,
                0.014796594404728677,
                0.01996382131524034,
                0.01574452542088222,
                0.028216066294682686,
                0.03414864934089976,
                0.06000759546234581,
                0.10385201769064528,
                0.06366135181555573,
                0.044093496581743205,
                0.02728356619030084
            ],
            [
                -0.1360658039808781,
                -0.1391865884807572,
                -0.036647189885859584,
                0.01834464141968542,
                0.02206328390564752,
                0.018379634520923338,
                0.026480395527885482,
                0.03461000599152516,
                0.038006865268932724,
                0.06366135181555573,
                0.10931854623502392,
                0.07230387072313438,
                0.03476880104581121
            ],
            [
                -0.1226864902686311,
                -0.1314212546936821,
                -0.03632029377859344,
                0.01642208159093103,
                0.020600407358293348,
                0.015574019108904966,
                0.022588570656847388,
                0.028034007816235846,
                0.03448447423204389,
                0.044093496581743205,
                0.07230387072313436,
                0.1077624913873981,
                0.05567305616747516
            ],
            [
                -0.08614355961983647,
                -0.09147603371860132,
                -0.025891953411767154,
                0.011289678513394604,
                0.015933464023868124,
                0.013856023193674492,
                0.01771594129142484,
                0.023037992609691665,
                0.02326950020282655,
                0.02728356619030084,
                0.03476880104581121,
                0.05567305616747516,
                0.08295533334416072
            ]
        ]
    ],
    "Ws_n": [
        0.02498710759159347,
        0.05786575454126925,
        0.2682845175316992,
        0.029608168212285096,
        0.028621124890695904,
        0.010604409785567672,
        0.04169181286833864,
        0.018943334294481064,
        0.021962267105810705,
        0.02239948944570075,
        0.029229584943706127,
        0.06702191983583805,
        0.04368238788903876,
        0.033700966533326056,
        0.027817592417662948,
        0.03528317428787193,
        0.044108933624231676,
        0.036253060217474285,
        0.045390407888881164,
        0.11254398609452725
    ],
    "MUs_n": [
        [
            41.5553175315248,
            -1.1937369993343665,
            2.9788435793446038,
            0.28698831174973466,
            1.1444212043694286,
            -0.1471434632800176,
            -0.06472193298607871,
            0.15023278996172917,
            -0.06527059110325031,
            0.07909782641847918,
            -0.14404527611971235,
            -0.04391798009483643,
            -0.042296793505977516
        ],
        [
            41.66192671472898,
            4.147519538914517,
            1.8093026484050374,
            1.994175942477672,
            0.6038987702746007,
            -0.4746807092270856,
            -0.47836609130474983,
            -0.22298353311893593,
            -0.2441062043615973,
            -0.1811855237008975,
            0.02905335390752447,
            0.019933481604466702,
            -0.08560444485392714
        ],
        [
            35.57539834178496,
            0.20468950625628854,
            1.2178731600759967,
            1.3528656320545156,
            0.85487411158861,
            0.5725411477241479,
            0.5140126722616466,
            0.47128512054778143,
            0.3539208791876084,
            0.2375685335824897,
            0.1467076867604939,
            0.1335710060157026,
            0.07626822438097987
        ],
        [
            45.1081913315465,
            5.520888557782353,
            0.4271300173121822,
            -0.34922342657174565,
            -0.9746208683546063,
            0.4071653867473503,
            0.4132036892565471,
            -0.574400133165191,
            -0.3553531312996729,
            0.0654970863694376,
            -0.04735932796518531,
            -0.3573817065015603,
            -0.4321380152274165
        ],
        [
            45.57998385696244,
            5.39433152637395,
            0.7307399786068514,
            2.068531828387942,
            1.1403893541426144,
            -0.20868710658736123,
            -0.5824582732727366,
            -0.49689038834383653,
            -0.49257473778600164,
            -0.5530857562732975,
            0.11059573337259558,
            0.2962664495187218,
            -0.1930905556250779
        ],
        [
            45.66070029113062,
            2.139337467336673,
            0.0306507683277164,
            1.675546696536022,
            -0.23147037740214899,
            -0.21435644153590536,
            0.34706545505842545,
            -0.3315889269738117,
            -0.32822808619474525,
            0.13126112553237226,
            0.15830356562711626,
            0.33858802716514536,
            -0.2429265747143043
        ],
        [
            37.59215988383852,
            0.7384692380992047,
            0.3852145306456207,
            1.0446905853770339,
            0.8204168554669372,
            0.6496383600393936,
            0.2841336761165936,
            0.21832322311780178,
            0.2718242361921052,
            0.28371919841760473,
            0.16618993284225744,
            0.09036508657826664,
            0.04920336223097524
        ],
        [
            44.824759670804795,
            1.1384499797514058,
            -0.369692571069445,
            1.3651588453036436,
            0.3035756405305417,
            0.03190199043843143,
